1.000000000000000000e+00 2.100000000000000000e+02 1.630000000000000000e+02 3.590000000000000000e+02 2.410000000000000000e+02
1.000000000000000000e+00 3.840000000000000000e+02 4.330000000000000000e+02 4.910000000000000000e+02 4.770000000000000000e+02
1.000000000000000000e+00 2.660000000000000000e+02 4.100000000000000000e+01 4.190000000000000000e+02 1.560000000000000000e+02
1.000000000000000000e+00 5.440000000000000000e+02 7.100000000000000000e+01 6.100000000000000000e+02 1.830000000000000000e+02
1.000000000000000000e+00 5.020000000000000000e+02 4.380000000000000000e+02 5.660000000000000000e+02 4.750000000000000000e+02
1.000000000000000000e+00 3.410000000000000000e+02 3.450000000000000000e+02 4.140000000000000000e+02 4.250000000000000000e+02
1.000000000000000000e+00 2.430000000000000000e+02 2.470000000000000000e+02 3.490000000000000000e+02 3.090000000000000000e+02
1.000000000000000000e+00 3.300000000000000000e+02 1.720000000000000000e+02 3.810000000000000000e+02 2.380000000000000000e+02
1.000000000000000000e+00 3.250000000000000000e+02 2.500000000000000000e+02 3.730000000000000000e+02 3.060000000000000000e+02
1.000000000000000000e+00 4.010000000000000000e+02 1.990000000000000000e+02 6.010000000000000000e+02 4.140000000000000000e+02
1.000000000000000000e+00 3.380000000000000000e+02 2.120000000000000000e+02 3.810000000000000000e+02 2.660000000000000000e+02
