1.000000000000000000e+00 5.940000000000000000e+02 3.390000000000000000e+02 7.760000000000000000e+02 4.510000000000000000e+02
1.000000000000000000e+00 2.320000000000000000e+02 1.720000000000000000e+02 3.260000000000000000e+02 2.490000000000000000e+02
1.000000000000000000e+00 3.110000000000000000e+02 7.700000000000000000e+01 3.670000000000000000e+02 1.710000000000000000e+02
1.000000000000000000e+00 5.620000000000000000e+02 1.810000000000000000e+02 6.720000000000000000e+02 2.800000000000000000e+02
1.000000000000000000e+00 4.410000000000000000e+02 4.290000000000000000e+02 5.100000000000000000e+02 4.730000000000000000e+02
1.000000000000000000e+00 6.320000000000000000e+02 1.680000000000000000e+02 6.920000000000000000e+02 2.350000000000000000e+02
1.000000000000000000e+00 3.980000000000000000e+02 4.060000000000000000e+02 4.770000000000000000e+02 4.660000000000000000e+02
1.000000000000000000e+00 2.140000000000000000e+02 4.430000000000000000e+02 2.720000000000000000e+02 4.720000000000000000e+02
1.000000000000000000e+00 1.390000000000000000e+02 2.590000000000000000e+02 2.850000000000000000e+02 3.850000000000000000e+02
1.000000000000000000e+00 5.170000000000000000e+02 9.800000000000000000e+01 6.160000000000000000e+02 1.670000000000000000e+02
1.000000000000000000e+00 4.750000000000000000e+02 4.570000000000000000e+02 5.340000000000000000e+02 4.810000000000000000e+02
