1.000000000000000000e+00 4.230000000000000000e+02 8.000000000000000000e+00 5.820000000000000000e+02 9.700000000000000000e+01
1.000000000000000000e+00 2.880000000000000000e+02 3.180000000000000000e+02 4.070000000000000000e+02 4.310000000000000000e+02
1.000000000000000000e+00 6.370000000000000000e+02 2.190000000000000000e+02 7.280000000000000000e+02 2.740000000000000000e+02
1.000000000000000000e+00 4.940000000000000000e+02 2.170000000000000000e+02 6.150000000000000000e+02 2.790000000000000000e+02
1.000000000000000000e+00 5.840000000000000000e+02 2.920000000000000000e+02 6.500000000000000000e+02 3.350000000000000000e+02
1.000000000000000000e+00 6.570000000000000000e+02 2.850000000000000000e+02 7.230000000000000000e+02 3.390000000000000000e+02
1.000000000000000000e+00 5.150000000000000000e+02 2.920000000000000000e+02 5.870000000000000000e+02 3.390000000000000000e+02
1.000000000000000000e+00 5.810000000000000000e+02 2.220000000000000000e+02 6.710000000000000000e+02 2.700000000000000000e+02
1.000000000000000000e+00 5.160000000000000000e+02 3.550000000000000000e+02 5.950000000000000000e+02 4.180000000000000000e+02
1.000000000000000000e+00 6.490000000000000000e+02 3.400000000000000000e+02 7.320000000000000000e+02 4.240000000000000000e+02
1.000000000000000000e+00 3.280000000000000000e+02 7.100000000000000000e+01 3.850000000000000000e+02 1.790000000000000000e+02
