1.000000000000000000e+00 5.780000000000000000e+02 1.650000000000000000e+02 6.850000000000000000e+02 2.470000000000000000e+02
1.000000000000000000e+00 3.960000000000000000e+02 1.590000000000000000e+02 4.690000000000000000e+02 2.650000000000000000e+02
1.000000000000000000e+00 3.770000000000000000e+02 4.200000000000000000e+02 4.750000000000000000e+02 4.770000000000000000e+02
1.000000000000000000e+00 2.460000000000000000e+02 2.270000000000000000e+02 3.350000000000000000e+02 3.160000000000000000e+02
1.000000000000000000e+00 3.110000000000000000e+02 2.690000000000000000e+02 3.740000000000000000e+02 3.530000000000000000e+02
1.000000000000000000e+00 5.290000000000000000e+02 2.740000000000000000e+02 6.270000000000000000e+02 4.130000000000000000e+02
1.000000000000000000e+00 5.670000000000000000e+02 9.500000000000000000e+01 6.390000000000000000e+02 1.640000000000000000e+02
1.000000000000000000e+00 1.960000000000000000e+02 2.610000000000000000e+02 2.730000000000000000e+02 3.560000000000000000e+02
1.000000000000000000e+00 2.260000000000000000e+02 2.820000000000000000e+02 3.510000000000000000e+02 4.170000000000000000e+02
1.000000000000000000e+00 4.320000000000000000e+02 4.360000000000000000e+02 5.130000000000000000e+02 4.670000000000000000e+02
1.000000000000000000e+00 5.170000000000000000e+02 2.560000000000000000e+02 5.800000000000000000e+02 3.020000000000000000e+02
