1.000000000000000000e+00 2.810000000000000000e+02 1.970000000000000000e+02 4.100000000000000000e+02 2.810000000000000000e+02
1.000000000000000000e+00 2.990000000000000000e+02 4.300000000000000000e+02 3.980000000000000000e+02 4.790000000000000000e+02
1.000000000000000000e+00 5.830000000000000000e+02 4.390000000000000000e+02 6.630000000000000000e+02 4.750000000000000000e+02
1.000000000000000000e+00 4.510000000000000000e+02 1.090000000000000000e+02 6.410000000000000000e+02 2.210000000000000000e+02
1.000000000000000000e+00 4.880000000000000000e+02 2.870000000000000000e+02 6.330000000000000000e+02 3.500000000000000000e+02
1.000000000000000000e+00 1.740000000000000000e+02 2.540000000000000000e+02 2.710000000000000000e+02 3.630000000000000000e+02
1.000000000000000000e+00 4.860000000000000000e+02 2.940000000000000000e+02 5.260000000000000000e+02 3.410000000000000000e+02
1.000000000000000000e+00 2.440000000000000000e+02 2.740000000000000000e+02 3.130000000000000000e+02 3.410000000000000000e+02
1.000000000000000000e+00 4.590000000000000000e+02 9.800000000000000000e+01 5.230000000000000000e+02 1.620000000000000000e+02
1.000000000000000000e+00 1.990000000000000000e+02 2.260000000000000000e+02 2.650000000000000000e+02 2.650000000000000000e+02
